1.747833859470472000e+15
1.747833859495469000e+15
1.747833859520462000e+15
1.747833859545457000e+15
1.747833859570452000e+15
1.747833859595459000e+15
1.747833859620444000e+15
1.747833859645437000e+15
1.747833859670431000e+15
1.747833859695427000e+15
1.747833859720433000e+15
1.747833859745421000e+15
1.747833859770419000e+15
1.747833859795414000e+15
1.747833859820420000e+15
1.747833859845412000e+15
1.747833859870401000e+15
1.747833859895386000e+15
1.747833859920381000e+15
1.747833859945381000e+15
1.747833859970377000e+15
1.747833859995369000e+15
1.747833860020367000e+15
1.747833860045360000e+15
1.747833860070353000e+15
1.747833860095348000e+15
1.747833860120343000e+15
1.747833860145340000e+15
1.747833860170334000e+15
1.747833860195328000e+15
1.747833860220321000e+15
1.747833860245316000e+15
1.747833860270312000e+15
1.747833860295305000e+15
1.747833860320301000e+15
1.747833860345296000e+15
1.747833860370290000e+15
1.747833860395285000e+15
1.747833860420280000e+15
1.747833860445276000e+15
1.747833860470280000e+15
1.747833860520270000e+15
1.747833860545262000e+15
1.747833860570259000e+15
1.747833860595253000e+15
1.747833860620240000e+15
1.747833860645235000e+15
1.747833860670230000e+15
1.747833860695225000e+15
1.747833860720220000e+15
1.747833860745217000e+15
1.747833860770210000e+15
1.747833860795206000e+15
1.747833860820200000e+15
1.747833860845196000e+15
1.747833860870189000e+15
1.747833860895184000e+15
1.747833860920179000e+15
1.747833860945174000e+15
1.747833860970170000e+15
1.747833860995164000e+15
1.747833861020159000e+15
1.747833861045155000e+15
1.747833861070150000e+15
1.747833861095146000e+15
1.747833861120139000e+15
1.747833861145134000e+15
1.747833861170129000e+15
1.747833861195124000e+15
1.747833861220119000e+15
1.747833861245114000e+15
1.747833861270109000e+15
1.747833861295104000e+15
1.747833861320099000e+15
1.747833861345094000e+15
1.747833861370090000e+15
1.747833861395088000e+15
1.747833861420079000e+15
1.747833861445074000e+15
1.747833861470069000e+15
1.747833861495064000e+15
1.747833861520059000e+15
1.747833861545054000e+15
1.747833861570049000e+15
1.747833861595045000e+15
1.747833861620038000e+15
1.747833861645033000e+15
1.747833861670030000e+15
1.747833861695023000e+15
1.747833861720018000e+15
1.747833861745014000e+15
1.747833861770008000e+15
1.747833861795003000e+15
1.747833861819998000e+15
1.747833861844993000e+15
1.747833861869988000e+15
1.747833861894983000e+15
1.747833861919978000e+15
1.747833861944973000e+15
1.747833861969969000e+15
1.747833861994965000e+15
1.747833862019958000e+15
1.747833862044953000e+15
1.747833862069948000e+15
1.747833862094943000e+15
1.747833862119938000e+15
1.747833862144933000e+15
1.747833862169927000e+15
1.747833862194922000e+15
1.747833862219917000e+15
1.747833862244912000e+15
1.747833862269910000e+15
1.747833862294902000e+15
1.747833862319897000e+15
1.747833862344892000e+15
1.747833862369887000e+15
1.747833862394882000e+15
1.747833862419877000e+15
1.747833862444872000e+15
1.747833862469868000e+15
